L_A8m_6
1 0 255 0 255
R_A8m_4
2 0 0 255 255
L_A8dl_7
3 255 0 0 255
R_A8dl_6
4 0 246 255 255
L_A9l_7
5 255 123 220 255
R_A9l_7
6 255 220 123 255
L_A6dl_3
7 0 141 255 255
R_A6dl_3
8 0 106 9 255
L_A6m_2
9 158 70 53 255
R_A6m_2
10 62 0 106 255
L_A9m_7
11 255 237 255 255
R_A9m_6
12 141 255 158 255
L_A10m_7
13 229 0 255 255
R_A10m_7
14 79 123 141 255
L_A9/46d_4
15 220 255 0 255
R_A9/46d_6
16 255 0 106 255
L_IFJ_6
17 237 132 0 255
R_IFJ_6
18 123 88 246 255
L_A46_6
19 141 0 88 255
R_A46_6
20 123 106 0 255
L_A9/46v_6
21 158 185 141 255
R_A9/46v_6
22 141 106 176 255
L_A8vl_7
23 97 185 0 255
R_A8vl_6
24 255 158 176 255
L_A6vl_3
25 0 44 97 255
R_A6vl_3
26 62 193 255 255
L_A10l_5
27 62 79 44 255
R_A10l_6
28 167 9 167 255
L_A44d_6
29 97 62 79 255
R_A44d_3
30 0 185 141 255
L_IFS_6
31 255 211 0 255
R_IFS_6
32 255 106 79 255
L_A45c_7
33 0 0 158 255
R_A45c_7
34 70 0 0 255
L_A45r_7
35 237 185 255 255
R_A45r_6
36 202 149 106 255
L_A44op_4
37 255 0 167 255
R_A44op_4
38 220 255 123 255
L_A44v_4
39 44 70 176 255
R_A44v_4
40 158 167 0 255
L_A14m_7
41 149 211 220 255
R_A14m_7
42 176 149 167 255
L_A12/47o_7
43 202 132 255 255
R_A12/47o_7
44 0 255 114 255
L_A11l_5
45 167 0 0 255
R_A11l_6
46 132 0 229 255
L_A11m_5
47 44 0 44 255
R_A11m_5
48 255 255 202 255
L_A13_5
49 229 79 141 255
R_A13_5
50 176 255 211 255
L_A12/47l_7
51 0 176 79 255
R_A12/47l_7
52 88 53 0 255
L_A4hf_2
53 0 106 167 255
R_A4hf_2
54 149 167 229 255
L_A6cdl_3
55 141 193 97 255
R_A6cdl_3
56 35 123 97 255
L_A4ul_2
57 176 97 132 255
R_A4ul_2
58 176 0 62 255
L_A4t_2
59 167 88 0 255
R_A4t_2
60 255 62 229 255
L_A4tl_4
61 0 62 70 255
R_A4tl_4
62 149 255 62 255
L_A6cvl_3
63 132 106 88 255
R_A6cvl_3
64 0 255 202 255
L_A1/2/3ll_4
65 202 149 44 255
R_A1/2/3ll_2
66 255 0 62 255
L_A4ll_2
67 106 132 62 255
R_A4ll_2
68 0 62 255 255
L_A38m_5
69 0 167 176 255
R_A38m_5
70 202 88 255 255
L_A41/42_2
71 255 202 185 255
R_A41/42_2
72 106 44 106 255
L_TE1.0/TE1.2_2
73 255 158 97 255
R_TE1.0/TE1.2_2
74 132 70 185 255
L_A22c_2
75 176 70 158 255
R_A22c_2
76 149 149 255 255
L_A38l_5
77 255 106 123 255
R_A38l_5
78 0 106 255 255
L_A22r_7
79 114 9 176 255
R_A22r_7
80 176 167 79 255
L_A21c_7
81 229 79 0 255
R_A21c_6
82 0 0 70 255
L_A21r_7
83 53 35 18 255
R_A21r_7
84 88 141 0 255
L_A37dl_3
85 0 35 9 255
R_A37dl_3
86 26 211 18 255
L_aSTS_7
87 123 44 62 255
R_aSTS_7
88 88 88 132 255
L_A20iv_5
89 237 237 70 255
R_A20iv_5
90 0 62 0 255
L_A37elv_3
91 211 229 211 255
R_A37elv_3
92 114 0 0 255
L_A20r_5
93 202 246 167 255
R_A20r_5
94 167 211 9 255
L_A20il_7
95 246 141 123 255
R_A20il_5
96 26 141 79 255
L_A37vl_3
97 114 141 123 255
R_A37vl_3
98 193 0 132 255
L_A20cl_6
99 0 18 44 255
R_A20cl_6
100 106 220 202 255
L_A20cv_5
101 70 79 0 255
R_A20cv_5
102 149 97 44 255
L_A20rv_5
103 185 114 106 255
R_A20rv_5
104 0 26 141 255
L_A37mv_1
105 0 255 158 255
R_A37mv_1
106 255 176 9 255
L_A37lv_3
107 123 202 141 255
R_A37lv_1
108 123 237 97 255
L_A35/36r_5
109 79 88 88 255
R_A35/36r_5
110 220 132 193 255
L_A35/36c_5
111 114 0 114 255
R_A35/36c_1
112 211 193 141 255
L_TL_1
113 185 193 220 255
R_TL_1
114 79 97 176 255
L_A28/34_5
115 88 0 53 255
R_A28/34_5
116 193 79 97 255
L_TI_5
117 70 53 123 255
R_TI_5
118 220 193 53 255
L_TH_1
119 185 167 149 255
R_TH_1
120 220 97 229 255
L_rpSTS_7
121 141 123 70 255
R_rpSTS_7
122 0 141 185 255
L_cpSTS_4
123 9 62 211 255
R_cpSTS_4
124 114 106 229 255
L_A7r_3
125 255 193 229 255
R_A7r_3
126 70 149 229 255
L_A7c_3
127 0 149 0 255
R_A7c_3
128 44 9 18 255
L_A5l_3
129 193 79 44 255
R_A5l_3
130 255 193 132 255
L_A7pc_2
131 44 44 53 255
R_A7pc_2
132 53 220 255 255
L_A7ip_3
133 211 53 62 255
R_A7ip_3
134 141 106 141 255
L_A39c_1
135 106 176 149 255
R_A39c_1
136 35 0 202 255
L_A39rd_6
137 211 220 123 255
R_A39rd_6
138 123 53 0 255
L_A40rd_3
139 167 0 211 255
R_A40rd_3
140 18 79 114 255
L_A40c_7
141 9 79 62 255
R_A40c_6
142 246 158 255 255
L_A39rv_3
143 114 176 211 255
R_A39rv_7
144 106 62 53 255
L_A40rv_2
145 53 106 53 255
R_A40rv_2
146 220 62 185 255
L_A7m_6
147 0 202 70 255
R_A7m_6
148 62 44 79 255
L_A5m_2
149 246 9 132 255
R_A5m_3
150 185 149 202 255
L_dmPOS_1
151 220 18 18 255
R_dmPOS_1
152 176 255 246 255
L_A31_7
153 62 220 149 255
R_A31_7
154 167 202 70 255
L_A1/2/3ulhf_2
155 132 141 176 255
R_A1/2/3ulhf_2
156 88 53 185 255
L_A1/2/3tonIa_2
157 193 149 237 255
R_A1/2/3tonIa_2
158 97 114 0 255
L_A2_3
159 255 132 185 255
R_A2_2
160 185 0 97 255
L_A1/2/3tru_2
161 167 237 123 255
R_A1/2/3tru_2
162 255 246 0 255
L_G_2
163 255 193 79 255
R_G_2
164 220 106 35 255
L_vIa_0
165 123 0 35 255
R_vIa_6
166 193 255 88 255
L_dIa_4
167 158 185 176 255
R_dIa_4
168 185 70 132 255
L_vId/vIg_4
169 202 123 70 255
R_vId/vIg_4
170 176 106 202 255
L_dIg_2
171 79 149 62 255
R_dIg_2
172 0 62 141 255
L_dId_4
173 88 44 211 255
R_dId_4
174 246 79 176 255
L_A23d_7
175 158 141 9 255
R_A23d_7
176 123 123 132 255
L_A24rv_0
177 132 53 97 255
R_A24rv_0
178 106 158 106 255
L_A32p_7
179 149 97 106 255
R_A32p_4
180 106 202 88 255
L_A23v_7
181 211 158 158 255
R_A23v_1
182 158 88 149 255
L_A24cd_4
183 26 35 123 255
R_A24cd_4
184 62 9 79 255
L_A23c_4
185 220 193 202 255
R_A23c_4
186 149 62 237 255
L_A32sg_7
187 167 97 237 255
R_A32sg_7
188 97 79 44 255
L_cLinG_1
189 0 106 106 255
R_cLinG_1
190 255 246 123 255
L_rCunG_1
191 88 255 229 255
R_rCunG_1
192 211 237 255 255
L_cCunG_1
193 97 35 255 255
R_cCunG_1
194 106 9 141 255
L_rLinG_1
195 132 62 149 255
R_rLinG_1
196 106 114 79 255
L_vmPOS_1
197 132 255 193 255
R_vmPOS_1
198 158 0 132 255
L_mOccG_1
199 97 158 158 255
R_mOccG_1
200 202 0 202 255
L_V5/MT+_3
201 35 106 220 255
R_V5/MT+_1
202 35 44 0 255
L_OPC_1
203 220 97 88 255
R_OPC_1
204 114 123 185 255
L_iOccG_1
205 149 18 70 255
R_iOccG_1
206 211 202 255 255
L_msOccG_1
207 185 0 255 255
R_msOccG_1
208 0 158 141 255
L_lsOccG_1
209 211 149 185 255
R_lsOccG_1
210 44 88 0 255