1 0 255.0 0.0 255.0  0.0
1 0 255.0 0.0 255.0  0.0
1 0 255.0 0.0 255.0  0.0
1 0 255.0 0.0 255.0  0.0
1 0 255.0 0.0 255.0  0.0
1 0 255.0 0.0 255.0  0.0
1 0 255.0 0.0 255.0  0.0
1 0 255.0 0.0 255.0  0.0
1 0 255.0 0.0 255.0  0.0
1 0 255.0 0.0 255.0  0.0
1 0 255.0 0.0 255.0  0.0
1 0 255.0 0.0 255.0  0.0
1 0 255.0 0.0 255.0  0.0
1 0 255.0 0.0 255.0  0.0
1 0 255.0 0.0 255.0  0.0
1 0 255.0 0.0 255.0  0.0
1 0 255.0 0.0 255.0  0.0
1 0 255.0 0.0 255.0  0.0
1 0 255.0 0.0 255.0  0.0
1 0 255.0 0.0 255.0  0.0
1 0 255.0 0.0 255.0  0.0
1 0 255.0 0.0 255.0  0.0
1 0 255.0 0.0 255.0  0.0
1 0 255.0 0.0 255.0  0.0
1 0 255.0 0.0 255.0  0.0
1 0 255.0 0.0 255.0  0.0
1 0 255.0 0.0 255.0  0.0
1 0 255.0 0.0 255.0  0.0
1 0 255.0 0.0 255.0  0.0
1 0 255.0 0.0 255.0  0.0
1 0 255.0 0.0 255.0  0.0
1 0 255.0 0.0 255.0  0.0
1 0 255.0 0.0 255.0  0.0
1 0 255.0 0.0 255.0  0.0
1 0 255.0 0.0 255.0  0.0
1 0 255.0 0.0 255.0  0.0
1 0 255.0 0.0 255.0  0.0
1 0 255.0 0.0 255.0  0.0
1 0 255.0 0.0 255.0  0.0
2 0 0.0 255.0 255.0  0.0
2 0 0.0 255.0 255.0  0.0
2 0 0.0 255.0 255.0  0.0
2 0 0.0 255.0 255.0  0.0
2 0 0.0 255.0 255.0  0.0
2 0 0.0 255.0 255.0  0.0
2 0 0.0 255.0 255.0  0.0
2 0 0.0 255.0 255.0  0.0
2 0 0.0 255.0 255.0  0.0
2 0 0.0 255.0 255.0  0.0
2 0 0.0 255.0 255.0  0.0
2 0 0.0 255.0 255.0  0.0
2 0 0.0 255.0 255.0  0.0
2 0 0.0 255.0 255.0  0.0
2 0 0.0 255.0 255.0  0.0
2 0 0.0 255.0 255.0  0.0
2 0 0.0 255.0 255.0  0.0
2 0 0.0 255.0 255.0  0.0
2 0 0.0 255.0 255.0  0.0
2 0 0.0 255.0 255.0  0.0
2 0 0.0 255.0 255.0  0.0
2 0 0.0 255.0 255.0  0.0
2 0 0.0 255.0 255.0  0.0
2 0 0.0 255.0 255.0  0.0
2 0 0.0 255.0 255.0  0.0
2 0 0.0 255.0 255.0  0.0
2 0 0.0 255.0 255.0  0.0
2 0 0.0 255.0 255.0  0.0
2 0 0.0 255.0 255.0  0.0
2 0 0.0 255.0 255.0  0.0
2 0 0.0 255.0 255.0  0.0
2 0 0.0 255.0 255.0  0.0
2 0 0.0 255.0 255.0  0.0
2 0 0.0 255.0 255.0  0.0
2 0 0.0 255.0 255.0  0.0
2 0 0.0 255.0 255.0  0.0
2 0 0.0 255.0 255.0  0.0
2 0 0.0 255.0 255.0  0.0
2 0 0.0 255.0 255.0  0.0
3 255 0.0 0.0 255.0  
4 0 246.0 255.0 255.0  0.0
4 0 246.0 255.0 255.0  0.0
4 0 246.0 255.0 255.0  0.0
4 0 246.0 255.0 255.0  0.0
4 0 246.0 255.0 255.0  0.0
4 0 246.0 255.0 255.0  0.0
4 0 246.0 255.0 255.0  0.0
4 0 246.0 255.0 255.0  0.0
4 0 246.0 255.0 255.0  0.0
4 0 246.0 255.0 255.0  0.0
4 0 246.0 255.0 255.0  0.0
4 0 246.0 255.0 255.0  0.0
4 0 246.0 255.0 255.0  0.0
4 0 246.0 255.0 255.0  0.0
4 0 246.0 255.0 255.0  0.0
4 0 246.0 255.0 255.0  0.0
4 0 246.0 255.0 255.0  0.0
4 0 246.0 255.0 255.0  0.0
4 0 246.0 255.0 255.0  0.0
4 0 246.0 255.0 255.0  0.0
4 0 246.0 255.0 255.0  0.0
4 0 246.0 255.0 255.0  0.0
4 0 246.0 255.0 255.0  0.0
4 0 246.0 255.0 255.0  0.0
4 0 246.0 255.0 255.0  0.0
4 0 246.0 255.0 255.0  0.0
4 0 246.0 255.0 255.0  0.0
4 0 246.0 255.0 255.0  0.0
4 0 246.0 255.0 255.0  0.0
4 0 246.0 255.0 255.0  0.0
4 0 246.0 255.0 255.0  0.0
4 0 246.0 255.0 255.0  0.0
4 0 246.0 255.0 255.0  0.0
4 0 246.0 255.0 255.0  0.0
4 0 246.0 255.0 255.0  0.0
4 0 246.0 255.0 255.0  0.0
4 0 246.0 255.0 255.0  0.0
4 0 246.0 255.0 255.0  0.0
4 0 246.0 255.0 255.0  0.0
5 255 123.0 220.0 255.0  
6 255 220.0 123.0 255.0  
7 0 141.0 255.0 255.0  0.0
7 0 141.0 255.0 255.0  0.0
7 0 141.0 255.0 255.0  0.0
7 0 141.0 255.0 255.0  0.0
7 0 141.0 255.0 255.0  0.0
7 0 141.0 255.0 255.0  0.0
7 0 141.0 255.0 255.0  0.0
7 0 141.0 255.0 255.0  0.0
7 0 141.0 255.0 255.0  0.0
7 0 141.0 255.0 255.0  0.0
7 0 141.0 255.0 255.0  0.0
7 0 141.0 255.0 255.0  0.0
7 0 141.0 255.0 255.0  0.0
7 0 141.0 255.0 255.0  0.0
7 0 141.0 255.0 255.0  0.0
7 0 141.0 255.0 255.0  0.0
7 0 141.0 255.0 255.0  0.0
7 0 141.0 255.0 255.0  0.0
7 0 141.0 255.0 255.0  0.0
7 0 141.0 255.0 255.0  0.0
7 0 141.0 255.0 255.0  0.0
7 0 141.0 255.0 255.0  0.0
7 0 141.0 255.0 255.0  0.0
7 0 141.0 255.0 255.0  0.0
7 0 141.0 255.0 255.0  0.0
7 0 141.0 255.0 255.0  0.0
7 0 141.0 255.0 255.0  0.0
7 0 141.0 255.0 255.0  0.0
7 0 141.0 255.0 255.0  0.0
7 0 141.0 255.0 255.0  0.0
7 0 141.0 255.0 255.0  0.0
7 0 141.0 255.0 255.0  0.0
7 0 141.0 255.0 255.0  0.0
7 0 141.0 255.0 255.0  0.0
7 0 141.0 255.0 255.0  0.0
7 0 141.0 255.0 255.0  0.0
7 0 141.0 255.0 255.0  0.0
7 0 141.0 255.0 255.0  0.0
7 0 141.0 255.0 255.0  0.0
8 0 106.0 9.0 255.0  0.0
8 0 106.0 9.0 255.0  0.0
8 0 106.0 9.0 255.0  0.0
8 0 106.0 9.0 255.0  0.0
8 0 106.0 9.0 255.0  0.0
8 0 106.0 9.0 255.0  0.0
8 0 106.0 9.0 255.0  0.0
8 0 106.0 9.0 255.0  0.0
8 0 106.0 9.0 255.0  0.0
8 0 106.0 9.0 255.0  0.0
8 0 106.0 9.0 255.0  0.0
8 0 106.0 9.0 255.0  0.0
8 0 106.0 9.0 255.0  0.0
8 0 106.0 9.0 255.0  0.0
8 0 106.0 9.0 255.0  0.0
8 0 106.0 9.0 255.0  0.0
8 0 106.0 9.0 255.0  0.0
8 0 106.0 9.0 255.0  0.0
8 0 106.0 9.0 255.0  0.0
8 0 106.0 9.0 255.0  0.0
8 0 106.0 9.0 255.0  0.0
8 0 106.0 9.0 255.0  0.0
8 0 106.0 9.0 255.0  0.0
8 0 106.0 9.0 255.0  0.0
8 0 106.0 9.0 255.0  0.0
8 0 106.0 9.0 255.0  0.0
8 0 106.0 9.0 255.0  0.0
8 0 106.0 9.0 255.0  0.0
8 0 106.0 9.0 255.0  0.0
8 0 106.0 9.0 255.0  0.0
8 0 106.0 9.0 255.0  0.0
8 0 106.0 9.0 255.0  0.0
8 0 106.0 9.0 255.0  0.0
8 0 106.0 9.0 255.0  0.0
8 0 106.0 9.0 255.0  0.0
8 0 106.0 9.0 255.0  0.0
8 0 106.0 9.0 255.0  0.0
8 0 106.0 9.0 255.0  0.0
8 0 106.0 9.0 255.0  0.0
9 158 70.0 53.0 255.0  
10 62 0.0 106.0 255.0  
11 255 237.0 255.0 255.0  
12 141 255.0 158.0 255.0  
13 229 0.0 255.0 255.0  
14 79 123.0 141.0 255.0  
15 220 255.0 0.0 255.0  
16 255 0.0 106.0 255.0  
17 237 132.0 0.0 255.0  
18 123 88.0 246.0 255.0  
19 141 0.0 88.0 255.0  
20 123 106.0 0.0 255.0  
21 158 185.0 141.0 255.0  
22 141 106.0 176.0 255.0  
23 97 185.0 0.0 255.0  
24 255 158.0 176.0 255.0  
25 0 44.0 97.0 255.0  0.0
25 0 44.0 97.0 255.0  0.0
25 0 44.0 97.0 255.0  0.0
25 0 44.0 97.0 255.0  0.0
25 0 44.0 97.0 255.0  0.0
25 0 44.0 97.0 255.0  0.0
25 0 44.0 97.0 255.0  0.0
25 0 44.0 97.0 255.0  0.0
25 0 44.0 97.0 255.0  0.0
25 0 44.0 97.0 255.0  0.0
25 0 44.0 97.0 255.0  0.0
25 0 44.0 97.0 255.0  0.0
25 0 44.0 97.0 255.0  0.0
25 0 44.0 97.0 255.0  0.0
25 0 44.0 97.0 255.0  0.0
25 0 44.0 97.0 255.0  0.0
25 0 44.0 97.0 255.0  0.0
25 0 44.0 97.0 255.0  0.0
25 0 44.0 97.0 255.0  0.0
25 0 44.0 97.0 255.0  0.0
25 0 44.0 97.0 255.0  0.0
25 0 44.0 97.0 255.0  0.0
25 0 44.0 97.0 255.0  0.0
25 0 44.0 97.0 255.0  0.0
25 0 44.0 97.0 255.0  0.0
25 0 44.0 97.0 255.0  0.0
25 0 44.0 97.0 255.0  0.0
25 0 44.0 97.0 255.0  0.0
25 0 44.0 97.0 255.0  0.0
25 0 44.0 97.0 255.0  0.0
25 0 44.0 97.0 255.0  0.0
25 0 44.0 97.0 255.0  0.0
25 0 44.0 97.0 255.0  0.0
25 0 44.0 97.0 255.0  0.0
25 0 44.0 97.0 255.0  0.0
25 0 44.0 97.0 255.0  0.0
25 0 44.0 97.0 255.0  0.0
25 0 44.0 97.0 255.0  0.0
25 0 44.0 97.0 255.0  0.0
26 62 193.0 255.0 255.0  
27 62 79.0 44.0 255.0  
28 167 9.0 167.0 255.0  
29 97 62.0 79.0 255.0  
30 0 185.0 141.0 255.0  0.0
30 0 185.0 141.0 255.0  0.0
30 0 185.0 141.0 255.0  0.0
30 0 185.0 141.0 255.0  0.0
30 0 185.0 141.0 255.0  0.0
30 0 185.0 141.0 255.0  0.0
30 0 185.0 141.0 255.0  0.0
30 0 185.0 141.0 255.0  0.0
30 0 185.0 141.0 255.0  0.0
30 0 185.0 141.0 255.0  0.0
30 0 185.0 141.0 255.0  0.0
30 0 185.0 141.0 255.0  0.0
30 0 185.0 141.0 255.0  0.0
30 0 185.0 141.0 255.0  0.0
30 0 185.0 141.0 255.0  0.0
30 0 185.0 141.0 255.0  0.0
30 0 185.0 141.0 255.0  0.0
30 0 185.0 141.0 255.0  0.0
30 0 185.0 141.0 255.0  0.0
30 0 185.0 141.0 255.0  0.0
30 0 185.0 141.0 255.0  0.0
30 0 185.0 141.0 255.0  0.0
30 0 185.0 141.0 255.0  0.0
30 0 185.0 141.0 255.0  0.0
30 0 185.0 141.0 255.0  0.0
30 0 185.0 141.0 255.0  0.0
30 0 185.0 141.0 255.0  0.0
30 0 185.0 141.0 255.0  0.0
30 0 185.0 141.0 255.0  0.0
30 0 185.0 141.0 255.0  0.0
30 0 185.0 141.0 255.0  0.0
30 0 185.0 141.0 255.0  0.0
30 0 185.0 141.0 255.0  0.0
30 0 185.0 141.0 255.0  0.0
30 0 185.0 141.0 255.0  0.0
30 0 185.0 141.0 255.0  0.0
30 0 185.0 141.0 255.0  0.0
30 0 185.0 141.0 255.0  0.0
30 0 185.0 141.0 255.0  0.0
31 255 211.0 0.0 255.0  
32 255 106.0 79.0 255.0  
33 0 0.0 158.0 255.0  0.0
33 0 0.0 158.0 255.0  0.0
33 0 0.0 158.0 255.0  0.0
33 0 0.0 158.0 255.0  0.0
33 0 0.0 158.0 255.0  0.0
33 0 0.0 158.0 255.0  0.0
33 0 0.0 158.0 255.0  0.0
33 0 0.0 158.0 255.0  0.0
33 0 0.0 158.0 255.0  0.0
33 0 0.0 158.0 255.0  0.0
33 0 0.0 158.0 255.0  0.0
33 0 0.0 158.0 255.0  0.0
33 0 0.0 158.0 255.0  0.0
33 0 0.0 158.0 255.0  0.0
33 0 0.0 158.0 255.0  0.0
33 0 0.0 158.0 255.0  0.0
33 0 0.0 158.0 255.0  0.0
33 0 0.0 158.0 255.0  0.0
33 0 0.0 158.0 255.0  0.0
33 0 0.0 158.0 255.0  0.0
33 0 0.0 158.0 255.0  0.0
33 0 0.0 158.0 255.0  0.0
33 0 0.0 158.0 255.0  0.0
33 0 0.0 158.0 255.0  0.0
33 0 0.0 158.0 255.0  0.0
33 0 0.0 158.0 255.0  0.0
33 0 0.0 158.0 255.0  0.0
33 0 0.0 158.0 255.0  0.0
33 0 0.0 158.0 255.0  0.0
33 0 0.0 158.0 255.0  0.0
33 0 0.0 158.0 255.0  0.0
33 0 0.0 158.0 255.0  0.0
33 0 0.0 158.0 255.0  0.0
33 0 0.0 158.0 255.0  0.0
33 0 0.0 158.0 255.0  0.0
33 0 0.0 158.0 255.0  0.0
33 0 0.0 158.0 255.0  0.0
33 0 0.0 158.0 255.0  0.0
33 0 0.0 158.0 255.0  0.0
34 70 0.0 0.0 255.0  
35 237 185.0 255.0 255.0  
36 202 149.0 106.0 255.0  
37 255 0.0 167.0 255.0  
38 220 255.0 123.0 255.0  
39 44 70.0 176.0 255.0  
40 158 167.0 0.0 255.0  
41 149 211.0 220.0 255.0  
42 176 149.0 167.0 255.0  
43 202 132.0 255.0 255.0  
44 0 255.0 114.0 255.0  0.0
44 0 255.0 114.0 255.0  0.0
44 0 255.0 114.0 255.0  0.0
44 0 255.0 114.0 255.0  0.0
44 0 255.0 114.0 255.0  0.0
44 0 255.0 114.0 255.0  0.0
44 0 255.0 114.0 255.0  0.0
44 0 255.0 114.0 255.0  0.0
44 0 255.0 114.0 255.0  0.0
44 0 255.0 114.0 255.0  0.0
44 0 255.0 114.0 255.0  0.0
44 0 255.0 114.0 255.0  0.0
44 0 255.0 114.0 255.0  0.0
44 0 255.0 114.0 255.0  0.0
44 0 255.0 114.0 255.0  0.0
44 0 255.0 114.0 255.0  0.0
44 0 255.0 114.0 255.0  0.0
44 0 255.0 114.0 255.0  0.0
44 0 255.0 114.0 255.0  0.0
44 0 255.0 114.0 255.0  0.0
44 0 255.0 114.0 255.0  0.0
44 0 255.0 114.0 255.0  0.0
44 0 255.0 114.0 255.0  0.0
44 0 255.0 114.0 255.0  0.0
44 0 255.0 114.0 255.0  0.0
44 0 255.0 114.0 255.0  0.0
44 0 255.0 114.0 255.0  0.0
44 0 255.0 114.0 255.0  0.0
44 0 255.0 114.0 255.0  0.0
44 0 255.0 114.0 255.0  0.0
44 0 255.0 114.0 255.0  0.0
44 0 255.0 114.0 255.0  0.0
44 0 255.0 114.0 255.0  0.0
44 0 255.0 114.0 255.0  0.0
44 0 255.0 114.0 255.0  0.0
44 0 255.0 114.0 255.0  0.0
44 0 255.0 114.0 255.0  0.0
44 0 255.0 114.0 255.0  0.0
44 0 255.0 114.0 255.0  0.0
45 167 0.0 0.0 255.0  
46 132 0.0 229.0 255.0  
47 44 0.0 44.0 255.0  
48 255 255.0 202.0 255.0  
49 229 79.0 141.0 255.0  
50 176 255.0 211.0 255.0  
51 0 176.0 79.0 255.0  0.0
51 0 176.0 79.0 255.0  0.0
51 0 176.0 79.0 255.0  0.0
51 0 176.0 79.0 255.0  0.0
51 0 176.0 79.0 255.0  0.0
51 0 176.0 79.0 255.0  0.0
51 0 176.0 79.0 255.0  0.0
51 0 176.0 79.0 255.0  0.0
51 0 176.0 79.0 255.0  0.0
51 0 176.0 79.0 255.0  0.0
51 0 176.0 79.0 255.0  0.0
51 0 176.0 79.0 255.0  0.0
51 0 176.0 79.0 255.0  0.0
51 0 176.0 79.0 255.0  0.0
51 0 176.0 79.0 255.0  0.0
51 0 176.0 79.0 255.0  0.0
51 0 176.0 79.0 255.0  0.0
51 0 176.0 79.0 255.0  0.0
51 0 176.0 79.0 255.0  0.0
51 0 176.0 79.0 255.0  0.0
51 0 176.0 79.0 255.0  0.0
51 0 176.0 79.0 255.0  0.0
51 0 176.0 79.0 255.0  0.0
51 0 176.0 79.0 255.0  0.0
51 0 176.0 79.0 255.0  0.0
51 0 176.0 79.0 255.0  0.0
51 0 176.0 79.0 255.0  0.0
51 0 176.0 79.0 255.0  0.0
51 0 176.0 79.0 255.0  0.0
51 0 176.0 79.0 255.0  0.0
51 0 176.0 79.0 255.0  0.0
51 0 176.0 79.0 255.0  0.0
51 0 176.0 79.0 255.0  0.0
51 0 176.0 79.0 255.0  0.0
51 0 176.0 79.0 255.0  0.0
51 0 176.0 79.0 255.0  0.0
51 0 176.0 79.0 255.0  0.0
51 0 176.0 79.0 255.0  0.0
51 0 176.0 79.0 255.0  0.0
52 88 53.0 0.0 255.0  
53 0 106.0 167.0 255.0  0.0
53 0 106.0 167.0 255.0  0.0
53 0 106.0 167.0 255.0  0.0
53 0 106.0 167.0 255.0  0.0
53 0 106.0 167.0 255.0  0.0
53 0 106.0 167.0 255.0  0.0
53 0 106.0 167.0 255.0  0.0
53 0 106.0 167.0 255.0  0.0
53 0 106.0 167.0 255.0  0.0
53 0 106.0 167.0 255.0  0.0
53 0 106.0 167.0 255.0  0.0
53 0 106.0 167.0 255.0  0.0
53 0 106.0 167.0 255.0  0.0
53 0 106.0 167.0 255.0  0.0
53 0 106.0 167.0 255.0  0.0
53 0 106.0 167.0 255.0  0.0
53 0 106.0 167.0 255.0  0.0
53 0 106.0 167.0 255.0  0.0
53 0 106.0 167.0 255.0  0.0
53 0 106.0 167.0 255.0  0.0
53 0 106.0 167.0 255.0  0.0
53 0 106.0 167.0 255.0  0.0
53 0 106.0 167.0 255.0  0.0
53 0 106.0 167.0 255.0  0.0
53 0 106.0 167.0 255.0  0.0
53 0 106.0 167.0 255.0  0.0
53 0 106.0 167.0 255.0  0.0
53 0 106.0 167.0 255.0  0.0
53 0 106.0 167.0 255.0  0.0
53 0 106.0 167.0 255.0  0.0
53 0 106.0 167.0 255.0  0.0
53 0 106.0 167.0 255.0  0.0
53 0 106.0 167.0 255.0  0.0
53 0 106.0 167.0 255.0  0.0
53 0 106.0 167.0 255.0  0.0
53 0 106.0 167.0 255.0  0.0
53 0 106.0 167.0 255.0  0.0
53 0 106.0 167.0 255.0  0.0
53 0 106.0 167.0 255.0  0.0
54 149 167.0 229.0 255.0  
55 141 193.0 97.0 255.0  
56 35 123.0 97.0 255.0  
57 176 97.0 132.0 255.0  
58 176 0.0 62.0 255.0  
59 167 88.0 0.0 255.0  
60 255 62.0 229.0 255.0  
61 0 62.0 70.0 255.0  0.0
61 0 62.0 70.0 255.0  0.0
61 0 62.0 70.0 255.0  0.0
61 0 62.0 70.0 255.0  0.0
61 0 62.0 70.0 255.0  0.0
61 0 62.0 70.0 255.0  0.0
61 0 62.0 70.0 255.0  0.0
61 0 62.0 70.0 255.0  0.0
61 0 62.0 70.0 255.0  0.0
61 0 62.0 70.0 255.0  0.0
61 0 62.0 70.0 255.0  0.0
61 0 62.0 70.0 255.0  0.0
61 0 62.0 70.0 255.0  0.0
61 0 62.0 70.0 255.0  0.0
61 0 62.0 70.0 255.0  0.0
61 0 62.0 70.0 255.0  0.0
61 0 62.0 70.0 255.0  0.0
61 0 62.0 70.0 255.0  0.0
61 0 62.0 70.0 255.0  0.0
61 0 62.0 70.0 255.0  0.0
61 0 62.0 70.0 255.0  0.0
61 0 62.0 70.0 255.0  0.0
61 0 62.0 70.0 255.0  0.0
61 0 62.0 70.0 255.0  0.0
61 0 62.0 70.0 255.0  0.0
61 0 62.0 70.0 255.0  0.0
61 0 62.0 70.0 255.0  0.0
61 0 62.0 70.0 255.0  0.0
61 0 62.0 70.0 255.0  0.0
61 0 62.0 70.0 255.0  0.0
61 0 62.0 70.0 255.0  0.0
61 0 62.0 70.0 255.0  0.0
61 0 62.0 70.0 255.0  0.0
61 0 62.0 70.0 255.0  0.0
61 0 62.0 70.0 255.0  0.0
61 0 62.0 70.0 255.0  0.0
61 0 62.0 70.0 255.0  0.0
61 0 62.0 70.0 255.0  0.0
61 0 62.0 70.0 255.0  0.0
62 149 255.0 62.0 255.0  
63 132 106.0 88.0 255.0  
64 0 255.0 202.0 255.0  0.0
64 0 255.0 202.0 255.0  0.0
64 0 255.0 202.0 255.0  0.0
64 0 255.0 202.0 255.0  0.0
64 0 255.0 202.0 255.0  0.0
64 0 255.0 202.0 255.0  0.0
64 0 255.0 202.0 255.0  0.0
64 0 255.0 202.0 255.0  0.0
64 0 255.0 202.0 255.0  0.0
64 0 255.0 202.0 255.0  0.0
64 0 255.0 202.0 255.0  0.0
64 0 255.0 202.0 255.0  0.0
64 0 255.0 202.0 255.0  0.0
64 0 255.0 202.0 255.0  0.0
64 0 255.0 202.0 255.0  0.0
64 0 255.0 202.0 255.0  0.0
64 0 255.0 202.0 255.0  0.0
64 0 255.0 202.0 255.0  0.0
64 0 255.0 202.0 255.0  0.0
64 0 255.0 202.0 255.0  0.0
64 0 255.0 202.0 255.0  0.0
64 0 255.0 202.0 255.0  0.0
64 0 255.0 202.0 255.0  0.0
64 0 255.0 202.0 255.0  0.0
64 0 255.0 202.0 255.0  0.0
64 0 255.0 202.0 255.0  0.0
64 0 255.0 202.0 255.0  0.0
64 0 255.0 202.0 255.0  0.0
64 0 255.0 202.0 255.0  0.0
64 0 255.0 202.0 255.0  0.0
64 0 255.0 202.0 255.0  0.0
64 0 255.0 202.0 255.0  0.0
64 0 255.0 202.0 255.0  0.0
64 0 255.0 202.0 255.0  0.0
64 0 255.0 202.0 255.0  0.0
64 0 255.0 202.0 255.0  0.0
64 0 255.0 202.0 255.0  0.0
64 0 255.0 202.0 255.0  0.0
64 0 255.0 202.0 255.0  0.0
65 202 149.0 44.0 255.0  
66 255 0.0 62.0 255.0  
67 106 132.0 62.0 255.0  
68 0 62.0 255.0 255.0  0.0
68 0 62.0 255.0 255.0  0.0
68 0 62.0 255.0 255.0  0.0
68 0 62.0 255.0 255.0  0.0
68 0 62.0 255.0 255.0  0.0
68 0 62.0 255.0 255.0  0.0
68 0 62.0 255.0 255.0  0.0
68 0 62.0 255.0 255.0  0.0
68 0 62.0 255.0 255.0  0.0
68 0 62.0 255.0 255.0  0.0
68 0 62.0 255.0 255.0  0.0
68 0 62.0 255.0 255.0  0.0
68 0 62.0 255.0 255.0  0.0
68 0 62.0 255.0 255.0  0.0
68 0 62.0 255.0 255.0  0.0
68 0 62.0 255.0 255.0  0.0
68 0 62.0 255.0 255.0  0.0
68 0 62.0 255.0 255.0  0.0
68 0 62.0 255.0 255.0  0.0
68 0 62.0 255.0 255.0  0.0
68 0 62.0 255.0 255.0  0.0
68 0 62.0 255.0 255.0  0.0
68 0 62.0 255.0 255.0  0.0
68 0 62.0 255.0 255.0  0.0
68 0 62.0 255.0 255.0  0.0
68 0 62.0 255.0 255.0  0.0
68 0 62.0 255.0 255.0  0.0
68 0 62.0 255.0 255.0  0.0
68 0 62.0 255.0 255.0  0.0
68 0 62.0 255.0 255.0  0.0
68 0 62.0 255.0 255.0  0.0
68 0 62.0 255.0 255.0  0.0
68 0 62.0 255.0 255.0  0.0
68 0 62.0 255.0 255.0  0.0
68 0 62.0 255.0 255.0  0.0
68 0 62.0 255.0 255.0  0.0
68 0 62.0 255.0 255.0  0.0
68 0 62.0 255.0 255.0  0.0
68 0 62.0 255.0 255.0  0.0
69 0 167.0 176.0 255.0  0.0
69 0 167.0 176.0 255.0  0.0
69 0 167.0 176.0 255.0  0.0
69 0 167.0 176.0 255.0  0.0
69 0 167.0 176.0 255.0  0.0
69 0 167.0 176.0 255.0  0.0
69 0 167.0 176.0 255.0  0.0
69 0 167.0 176.0 255.0  0.0
69 0 167.0 176.0 255.0  0.0
69 0 167.0 176.0 255.0  0.0
69 0 167.0 176.0 255.0  0.0
69 0 167.0 176.0 255.0  0.0
69 0 167.0 176.0 255.0  0.0
69 0 167.0 176.0 255.0  0.0
69 0 167.0 176.0 255.0  0.0
69 0 167.0 176.0 255.0  0.0
69 0 167.0 176.0 255.0  0.0
69 0 167.0 176.0 255.0  0.0
69 0 167.0 176.0 255.0  0.0
69 0 167.0 176.0 255.0  0.0
69 0 167.0 176.0 255.0  0.0
69 0 167.0 176.0 255.0  0.0
69 0 167.0 176.0 255.0  0.0
69 0 167.0 176.0 255.0  0.0
69 0 167.0 176.0 255.0  0.0
69 0 167.0 176.0 255.0  0.0
69 0 167.0 176.0 255.0  0.0
69 0 167.0 176.0 255.0  0.0
69 0 167.0 176.0 255.0  0.0
69 0 167.0 176.0 255.0  0.0
69 0 167.0 176.0 255.0  0.0
69 0 167.0 176.0 255.0  0.0
69 0 167.0 176.0 255.0  0.0
69 0 167.0 176.0 255.0  0.0
69 0 167.0 176.0 255.0  0.0
69 0 167.0 176.0 255.0  0.0
69 0 167.0 176.0 255.0  0.0
69 0 167.0 176.0 255.0  0.0
69 0 167.0 176.0 255.0  0.0
70 202 88.0 255.0 255.0  
71 255 202.0 185.0 255.0  
72 106 44.0 106.0 255.0  
73 255 158.0 97.0 255.0  
74 132 70.0 185.0 255.0  
75 176 70.0 158.0 255.0  
76 149 149.0 255.0 255.0  
77 255 106.0 123.0 255.0  
78 0 106.0 255.0 255.0  0.0
78 0 106.0 255.0 255.0  0.0
78 0 106.0 255.0 255.0  0.0
78 0 106.0 255.0 255.0  0.0
78 0 106.0 255.0 255.0  0.0
78 0 106.0 255.0 255.0  0.0
78 0 106.0 255.0 255.0  0.0
78 0 106.0 255.0 255.0  0.0
78 0 106.0 255.0 255.0  0.0
78 0 106.0 255.0 255.0  0.0
78 0 106.0 255.0 255.0  0.0
78 0 106.0 255.0 255.0  0.0
78 0 106.0 255.0 255.0  0.0
78 0 106.0 255.0 255.0  0.0
78 0 106.0 255.0 255.0  0.0
78 0 106.0 255.0 255.0  0.0
78 0 106.0 255.0 255.0  0.0
78 0 106.0 255.0 255.0  0.0
78 0 106.0 255.0 255.0  0.0
78 0 106.0 255.0 255.0  0.0
78 0 106.0 255.0 255.0  0.0
78 0 106.0 255.0 255.0  0.0
78 0 106.0 255.0 255.0  0.0
78 0 106.0 255.0 255.0  0.0
78 0 106.0 255.0 255.0  0.0
78 0 106.0 255.0 255.0  0.0
78 0 106.0 255.0 255.0  0.0
78 0 106.0 255.0 255.0  0.0
78 0 106.0 255.0 255.0  0.0
78 0 106.0 255.0 255.0  0.0
78 0 106.0 255.0 255.0  0.0
78 0 106.0 255.0 255.0  0.0
78 0 106.0 255.0 255.0  0.0
78 0 106.0 255.0 255.0  0.0
78 0 106.0 255.0 255.0  0.0
78 0 106.0 255.0 255.0  0.0
78 0 106.0 255.0 255.0  0.0
78 0 106.0 255.0 255.0  0.0
78 0 106.0 255.0 255.0  0.0
79 114 9.0 176.0 255.0  
80 176 167.0 79.0 255.0  
81 229 79.0 0.0 255.0  
82 0 0.0 70.0 255.0  0.0
82 0 0.0 70.0 255.0  0.0
82 0 0.0 70.0 255.0  0.0
82 0 0.0 70.0 255.0  0.0
82 0 0.0 70.0 255.0  0.0
82 0 0.0 70.0 255.0  0.0
82 0 0.0 70.0 255.0  0.0
82 0 0.0 70.0 255.0  0.0
82 0 0.0 70.0 255.0  0.0
82 0 0.0 70.0 255.0  0.0
82 0 0.0 70.0 255.0  0.0
82 0 0.0 70.0 255.0  0.0
82 0 0.0 70.0 255.0  0.0
82 0 0.0 70.0 255.0  0.0
82 0 0.0 70.0 255.0  0.0
82 0 0.0 70.0 255.0  0.0
82 0 0.0 70.0 255.0  0.0
82 0 0.0 70.0 255.0  0.0
82 0 0.0 70.0 255.0  0.0
82 0 0.0 70.0 255.0  0.0
82 0 0.0 70.0 255.0  0.0
82 0 0.0 70.0 255.0  0.0
82 0 0.0 70.0 255.0  0.0
82 0 0.0 70.0 255.0  0.0
82 0 0.0 70.0 255.0  0.0
82 0 0.0 70.0 255.0  0.0
82 0 0.0 70.0 255.0  0.0
82 0 0.0 70.0 255.0  0.0
82 0 0.0 70.0 255.0  0.0
82 0 0.0 70.0 255.0  0.0
82 0 0.0 70.0 255.0  0.0
82 0 0.0 70.0 255.0  0.0
82 0 0.0 70.0 255.0  0.0
82 0 0.0 70.0 255.0  0.0
82 0 0.0 70.0 255.0  0.0
82 0 0.0 70.0 255.0  0.0
82 0 0.0 70.0 255.0  0.0
82 0 0.0 70.0 255.0  0.0
82 0 0.0 70.0 255.0  0.0
83 53 35.0 18.0 255.0  
84 88 141.0 0.0 255.0  
85 0 35.0 9.0 255.0  0.0
85 0 35.0 9.0 255.0  0.0
85 0 35.0 9.0 255.0  0.0
85 0 35.0 9.0 255.0  0.0
85 0 35.0 9.0 255.0  0.0
85 0 35.0 9.0 255.0  0.0
85 0 35.0 9.0 255.0  0.0
85 0 35.0 9.0 255.0  0.0
85 0 35.0 9.0 255.0  0.0
85 0 35.0 9.0 255.0  0.0
85 0 35.0 9.0 255.0  0.0
85 0 35.0 9.0 255.0  0.0
85 0 35.0 9.0 255.0  0.0
85 0 35.0 9.0 255.0  0.0
85 0 35.0 9.0 255.0  0.0
85 0 35.0 9.0 255.0  0.0
85 0 35.0 9.0 255.0  0.0
85 0 35.0 9.0 255.0  0.0
85 0 35.0 9.0 255.0  0.0
85 0 35.0 9.0 255.0  0.0
85 0 35.0 9.0 255.0  0.0
85 0 35.0 9.0 255.0  0.0
85 0 35.0 9.0 255.0  0.0
85 0 35.0 9.0 255.0  0.0
85 0 35.0 9.0 255.0  0.0
85 0 35.0 9.0 255.0  0.0
85 0 35.0 9.0 255.0  0.0
85 0 35.0 9.0 255.0  0.0
85 0 35.0 9.0 255.0  0.0
85 0 35.0 9.0 255.0  0.0
85 0 35.0 9.0 255.0  0.0
85 0 35.0 9.0 255.0  0.0
85 0 35.0 9.0 255.0  0.0
85 0 35.0 9.0 255.0  0.0
85 0 35.0 9.0 255.0  0.0
85 0 35.0 9.0 255.0  0.0
85 0 35.0 9.0 255.0  0.0
85 0 35.0 9.0 255.0  0.0
85 0 35.0 9.0 255.0  0.0
86 26 211.0 18.0 255.0  
87 123 44.0 62.0 255.0  
88 88 88.0 132.0 255.0  
89 237 237.0 70.0 255.0  
90 0 62.0 0.0 255.0  0.0
90 0 62.0 0.0 255.0  0.0
90 0 62.0 0.0 255.0  0.0
90 0 62.0 0.0 255.0  0.0
90 0 62.0 0.0 255.0  0.0
90 0 62.0 0.0 255.0  0.0
90 0 62.0 0.0 255.0  0.0
90 0 62.0 0.0 255.0  0.0
90 0 62.0 0.0 255.0  0.0
90 0 62.0 0.0 255.0  0.0
90 0 62.0 0.0 255.0  0.0
90 0 62.0 0.0 255.0  0.0
90 0 62.0 0.0 255.0  0.0
90 0 62.0 0.0 255.0  0.0
90 0 62.0 0.0 255.0  0.0
90 0 62.0 0.0 255.0  0.0
90 0 62.0 0.0 255.0  0.0
90 0 62.0 0.0 255.0  0.0
90 0 62.0 0.0 255.0  0.0
90 0 62.0 0.0 255.0  0.0
90 0 62.0 0.0 255.0  0.0
90 0 62.0 0.0 255.0  0.0
90 0 62.0 0.0 255.0  0.0
90 0 62.0 0.0 255.0  0.0
90 0 62.0 0.0 255.0  0.0
90 0 62.0 0.0 255.0  0.0
90 0 62.0 0.0 255.0  0.0
90 0 62.0 0.0 255.0  0.0
90 0 62.0 0.0 255.0  0.0
90 0 62.0 0.0 255.0  0.0
90 0 62.0 0.0 255.0  0.0
90 0 62.0 0.0 255.0  0.0
90 0 62.0 0.0 255.0  0.0
90 0 62.0 0.0 255.0  0.0
90 0 62.0 0.0 255.0  0.0
90 0 62.0 0.0 255.0  0.0
90 0 62.0 0.0 255.0  0.0
90 0 62.0 0.0 255.0  0.0
90 0 62.0 0.0 255.0  0.0
91 211 229.0 211.0 255.0  
92 114 0.0 0.0 255.0  
93 202 246.0 167.0 255.0  
94 167 211.0 9.0 255.0  
95 246 141.0 123.0 255.0  
96 26 141.0 79.0 255.0  
97 114 141.0 123.0 255.0  
98 193 0.0 132.0 255.0  
99 0 18.0 44.0 255.0  0.0
99 0 18.0 44.0 255.0  0.0
99 0 18.0 44.0 255.0  0.0
99 0 18.0 44.0 255.0  0.0
99 0 18.0 44.0 255.0  0.0
99 0 18.0 44.0 255.0  0.0
99 0 18.0 44.0 255.0  0.0
99 0 18.0 44.0 255.0  0.0
99 0 18.0 44.0 255.0  0.0
99 0 18.0 44.0 255.0  0.0
99 0 18.0 44.0 255.0  0.0
99 0 18.0 44.0 255.0  0.0
99 0 18.0 44.0 255.0  0.0
99 0 18.0 44.0 255.0  0.0
99 0 18.0 44.0 255.0  0.0
99 0 18.0 44.0 255.0  0.0
99 0 18.0 44.0 255.0  0.0
99 0 18.0 44.0 255.0  0.0
99 0 18.0 44.0 255.0  0.0
99 0 18.0 44.0 255.0  0.0
99 0 18.0 44.0 255.0  0.0
99 0 18.0 44.0 255.0  0.0
99 0 18.0 44.0 255.0  0.0
99 0 18.0 44.0 255.0  0.0
99 0 18.0 44.0 255.0  0.0
99 0 18.0 44.0 255.0  0.0
99 0 18.0 44.0 255.0  0.0
99 0 18.0 44.0 255.0  0.0
99 0 18.0 44.0 255.0  0.0
99 0 18.0 44.0 255.0  0.0
99 0 18.0 44.0 255.0  0.0
99 0 18.0 44.0 255.0  0.0
99 0 18.0 44.0 255.0  0.0
99 0 18.0 44.0 255.0  0.0
99 0 18.0 44.0 255.0  0.0
99 0 18.0 44.0 255.0  0.0
99 0 18.0 44.0 255.0  0.0
99 0 18.0 44.0 255.0  0.0
99 0 18.0 44.0 255.0  0.0
100 106 220.0 202.0 255.0  
101 70 79.0 0.0 255.0  
102 149 97.0 44.0 255.0  
103 185 114.0 106.0 255.0  
104 0 26.0 141.0 255.0  0.0
104 0 26.0 141.0 255.0  0.0
104 0 26.0 141.0 255.0  0.0
104 0 26.0 141.0 255.0  0.0
104 0 26.0 141.0 255.0  0.0
104 0 26.0 141.0 255.0  0.0
104 0 26.0 141.0 255.0  0.0
104 0 26.0 141.0 255.0  0.0
104 0 26.0 141.0 255.0  0.0
104 0 26.0 141.0 255.0  0.0
104 0 26.0 141.0 255.0  0.0
104 0 26.0 141.0 255.0  0.0
104 0 26.0 141.0 255.0  0.0
104 0 26.0 141.0 255.0  0.0
104 0 26.0 141.0 255.0  0.0
104 0 26.0 141.0 255.0  0.0
104 0 26.0 141.0 255.0  0.0
104 0 26.0 141.0 255.0  0.0
104 0 26.0 141.0 255.0  0.0
104 0 26.0 141.0 255.0  0.0
104 0 26.0 141.0 255.0  0.0
104 0 26.0 141.0 255.0  0.0
104 0 26.0 141.0 255.0  0.0
104 0 26.0 141.0 255.0  0.0
104 0 26.0 141.0 255.0  0.0
104 0 26.0 141.0 255.0  0.0
104 0 26.0 141.0 255.0  0.0
104 0 26.0 141.0 255.0  0.0
104 0 26.0 141.0 255.0  0.0
104 0 26.0 141.0 255.0  0.0
104 0 26.0 141.0 255.0  0.0
104 0 26.0 141.0 255.0  0.0
104 0 26.0 141.0 255.0  0.0
104 0 26.0 141.0 255.0  0.0
104 0 26.0 141.0 255.0  0.0
104 0 26.0 141.0 255.0  0.0
104 0 26.0 141.0 255.0  0.0
104 0 26.0 141.0 255.0  0.0
104 0 26.0 141.0 255.0  0.0
105 0 255.0 158.0 255.0  0.0
105 0 255.0 158.0 255.0  0.0
105 0 255.0 158.0 255.0  0.0
105 0 255.0 158.0 255.0  0.0
105 0 255.0 158.0 255.0  0.0
105 0 255.0 158.0 255.0  0.0
105 0 255.0 158.0 255.0  0.0
105 0 255.0 158.0 255.0  0.0
105 0 255.0 158.0 255.0  0.0
105 0 255.0 158.0 255.0  0.0
105 0 255.0 158.0 255.0  0.0
105 0 255.0 158.0 255.0  0.0
105 0 255.0 158.0 255.0  0.0
105 0 255.0 158.0 255.0  0.0
105 0 255.0 158.0 255.0  0.0
105 0 255.0 158.0 255.0  0.0
105 0 255.0 158.0 255.0  0.0
105 0 255.0 158.0 255.0  0.0
105 0 255.0 158.0 255.0  0.0
105 0 255.0 158.0 255.0  0.0
105 0 255.0 158.0 255.0  0.0
105 0 255.0 158.0 255.0  0.0
105 0 255.0 158.0 255.0  0.0
105 0 255.0 158.0 255.0  0.0
105 0 255.0 158.0 255.0  0.0
105 0 255.0 158.0 255.0  0.0
105 0 255.0 158.0 255.0  0.0
105 0 255.0 158.0 255.0  0.0
105 0 255.0 158.0 255.0  0.0
105 0 255.0 158.0 255.0  0.0
105 0 255.0 158.0 255.0  0.0
105 0 255.0 158.0 255.0  0.0
105 0 255.0 158.0 255.0  0.0
105 0 255.0 158.0 255.0  0.0
105 0 255.0 158.0 255.0  0.0
105 0 255.0 158.0 255.0  0.0
105 0 255.0 158.0 255.0  0.0
105 0 255.0 158.0 255.0  0.0
105 0 255.0 158.0 255.0  0.0
106 255 176.0 9.0 255.0  
107 123 202.0 141.0 255.0  
108 123 237.0 97.0 255.0  
109 79 88.0 88.0 255.0  
110 220 132.0 193.0 255.0  
111 114 0.0 114.0 255.0  
112 211 193.0 141.0 255.0  
113 185 193.0 220.0 255.0  
114 79 97.0 176.0 255.0  
115 88 0.0 53.0 255.0  
116 193 79.0 97.0 255.0  
117 70 53.0 123.0 255.0  
118 220 193.0 53.0 255.0  
119 185 167.0 149.0 255.0  
120 220 97.0 229.0 255.0  
121 141 123.0 70.0 255.0  
122 0 141.0 185.0 255.0  0.0
122 0 141.0 185.0 255.0  0.0
122 0 141.0 185.0 255.0  0.0
122 0 141.0 185.0 255.0  0.0
122 0 141.0 185.0 255.0  0.0
122 0 141.0 185.0 255.0  0.0
122 0 141.0 185.0 255.0  0.0
122 0 141.0 185.0 255.0  0.0
122 0 141.0 185.0 255.0  0.0
122 0 141.0 185.0 255.0  0.0
122 0 141.0 185.0 255.0  0.0
122 0 141.0 185.0 255.0  0.0
122 0 141.0 185.0 255.0  0.0
122 0 141.0 185.0 255.0  0.0
122 0 141.0 185.0 255.0  0.0
122 0 141.0 185.0 255.0  0.0
122 0 141.0 185.0 255.0  0.0
122 0 141.0 185.0 255.0  0.0
122 0 141.0 185.0 255.0  0.0
122 0 141.0 185.0 255.0  0.0
122 0 141.0 185.0 255.0  0.0
122 0 141.0 185.0 255.0  0.0
122 0 141.0 185.0 255.0  0.0
122 0 141.0 185.0 255.0  0.0
122 0 141.0 185.0 255.0  0.0
122 0 141.0 185.0 255.0  0.0
122 0 141.0 185.0 255.0  0.0
122 0 141.0 185.0 255.0  0.0
122 0 141.0 185.0 255.0  0.0
122 0 141.0 185.0 255.0  0.0
122 0 141.0 185.0 255.0  0.0
122 0 141.0 185.0 255.0  0.0
122 0 141.0 185.0 255.0  0.0
122 0 141.0 185.0 255.0  0.0
122 0 141.0 185.0 255.0  0.0
122 0 141.0 185.0 255.0  0.0
122 0 141.0 185.0 255.0  0.0
122 0 141.0 185.0 255.0  0.0
122 0 141.0 185.0 255.0  0.0
123 9 62.0 211.0 255.0  
124 114 106.0 229.0 255.0  
125 255 193.0 229.0 255.0  
126 70 149.0 229.0 255.0  
127 0 149.0 0.0 255.0  0.0
127 0 149.0 0.0 255.0  0.0
127 0 149.0 0.0 255.0  0.0
127 0 149.0 0.0 255.0  0.0
127 0 149.0 0.0 255.0  0.0
127 0 149.0 0.0 255.0  0.0
127 0 149.0 0.0 255.0  0.0
127 0 149.0 0.0 255.0  0.0
127 0 149.0 0.0 255.0  0.0
127 0 149.0 0.0 255.0  0.0
127 0 149.0 0.0 255.0  0.0
127 0 149.0 0.0 255.0  0.0
127 0 149.0 0.0 255.0  0.0
127 0 149.0 0.0 255.0  0.0
127 0 149.0 0.0 255.0  0.0
127 0 149.0 0.0 255.0  0.0
127 0 149.0 0.0 255.0  0.0
127 0 149.0 0.0 255.0  0.0
127 0 149.0 0.0 255.0  0.0
127 0 149.0 0.0 255.0  0.0
127 0 149.0 0.0 255.0  0.0
127 0 149.0 0.0 255.0  0.0
127 0 149.0 0.0 255.0  0.0
127 0 149.0 0.0 255.0  0.0
127 0 149.0 0.0 255.0  0.0
127 0 149.0 0.0 255.0  0.0
127 0 149.0 0.0 255.0  0.0
127 0 149.0 0.0 255.0  0.0
127 0 149.0 0.0 255.0  0.0
127 0 149.0 0.0 255.0  0.0
127 0 149.0 0.0 255.0  0.0
127 0 149.0 0.0 255.0  0.0
127 0 149.0 0.0 255.0  0.0
127 0 149.0 0.0 255.0  0.0
127 0 149.0 0.0 255.0  0.0
127 0 149.0 0.0 255.0  0.0
127 0 149.0 0.0 255.0  0.0
127 0 149.0 0.0 255.0  0.0
127 0 149.0 0.0 255.0  0.0
128 44 9.0 18.0 255.0  
129 193 79.0 44.0 255.0  
130 255 193.0 132.0 255.0  
131 44 44.0 53.0 255.0  
132 53 220.0 255.0 255.0  
133 211 53.0 62.0 255.0  
134 141 106.0 141.0 255.0  
135 106 176.0 149.0 255.0  
136 35 0.0 202.0 255.0  
137 211 220.0 123.0 255.0  
138 123 53.0 0.0 255.0  
139 167 0.0 211.0 255.0  
140 18 79.0 114.0 255.0  
141 9 79.0 62.0 255.0  
142 246 158.0 255.0 255.0  
143 114 176.0 211.0 255.0  
144 106 62.0 53.0 255.0  
145 53 106.0 53.0 255.0  
146 220 62.0 185.0 255.0  
147 0 202.0 70.0 255.0  0.0
147 0 202.0 70.0 255.0  0.0
147 0 202.0 70.0 255.0  0.0
147 0 202.0 70.0 255.0  0.0
147 0 202.0 70.0 255.0  0.0
147 0 202.0 70.0 255.0  0.0
147 0 202.0 70.0 255.0  0.0
147 0 202.0 70.0 255.0  0.0
147 0 202.0 70.0 255.0  0.0
147 0 202.0 70.0 255.0  0.0
147 0 202.0 70.0 255.0  0.0
147 0 202.0 70.0 255.0  0.0
147 0 202.0 70.0 255.0  0.0
147 0 202.0 70.0 255.0  0.0
147 0 202.0 70.0 255.0  0.0
147 0 202.0 70.0 255.0  0.0
147 0 202.0 70.0 255.0  0.0
147 0 202.0 70.0 255.0  0.0
147 0 202.0 70.0 255.0  0.0
147 0 202.0 70.0 255.0  0.0
147 0 202.0 70.0 255.0  0.0
147 0 202.0 70.0 255.0  0.0
147 0 202.0 70.0 255.0  0.0
147 0 202.0 70.0 255.0  0.0
147 0 202.0 70.0 255.0  0.0
147 0 202.0 70.0 255.0  0.0
147 0 202.0 70.0 255.0  0.0
147 0 202.0 70.0 255.0  0.0
147 0 202.0 70.0 255.0  0.0
147 0 202.0 70.0 255.0  0.0
147 0 202.0 70.0 255.0  0.0
147 0 202.0 70.0 255.0  0.0
147 0 202.0 70.0 255.0  0.0
147 0 202.0 70.0 255.0  0.0
147 0 202.0 70.0 255.0  0.0
147 0 202.0 70.0 255.0  0.0
147 0 202.0 70.0 255.0  0.0
147 0 202.0 70.0 255.0  0.0
147 0 202.0 70.0 255.0  0.0
148 62 44.0 79.0 255.0  
149 246 9.0 132.0 255.0  
150 185 149.0 202.0 255.0  
151 220 18.0 18.0 255.0  
152 176 255.0 246.0 255.0  
153 62 220.0 149.0 255.0  
154 167 202.0 70.0 255.0  
155 132 141.0 176.0 255.0  
156 88 53.0 185.0 255.0  
157 193 149.0 237.0 255.0  
158 97 114.0 0.0 255.0  
159 255 132.0 185.0 255.0  
160 185 0.0 97.0 255.0  
161 167 237.0 123.0 255.0  
162 255 246.0 0.0 255.0  
163 255 193.0 79.0 255.0  
164 220 106.0 35.0 255.0  
165 123 0.0 35.0 255.0  
166 193 255.0 88.0 255.0  
167 158 185.0 176.0 255.0  
168 185 70.0 132.0 255.0  
169 202 123.0 70.0 255.0  
170 176 106.0 202.0 255.0  
171 79 149.0 62.0 255.0  
172 0 62.0 141.0 255.0  0.0
172 0 62.0 141.0 255.0  0.0
172 0 62.0 141.0 255.0  0.0
172 0 62.0 141.0 255.0  0.0
172 0 62.0 141.0 255.0  0.0
172 0 62.0 141.0 255.0  0.0
172 0 62.0 141.0 255.0  0.0
172 0 62.0 141.0 255.0  0.0
172 0 62.0 141.0 255.0  0.0
172 0 62.0 141.0 255.0  0.0
172 0 62.0 141.0 255.0  0.0
172 0 62.0 141.0 255.0  0.0
172 0 62.0 141.0 255.0  0.0
172 0 62.0 141.0 255.0  0.0
172 0 62.0 141.0 255.0  0.0
172 0 62.0 141.0 255.0  0.0
172 0 62.0 141.0 255.0  0.0
172 0 62.0 141.0 255.0  0.0
172 0 62.0 141.0 255.0  0.0
172 0 62.0 141.0 255.0  0.0
172 0 62.0 141.0 255.0  0.0
172 0 62.0 141.0 255.0  0.0
172 0 62.0 141.0 255.0  0.0
172 0 62.0 141.0 255.0  0.0
172 0 62.0 141.0 255.0  0.0
172 0 62.0 141.0 255.0  0.0
172 0 62.0 141.0 255.0  0.0
172 0 62.0 141.0 255.0  0.0
172 0 62.0 141.0 255.0  0.0
172 0 62.0 141.0 255.0  0.0
172 0 62.0 141.0 255.0  0.0
172 0 62.0 141.0 255.0  0.0
172 0 62.0 141.0 255.0  0.0
172 0 62.0 141.0 255.0  0.0
172 0 62.0 141.0 255.0  0.0
172 0 62.0 141.0 255.0  0.0
172 0 62.0 141.0 255.0  0.0
172 0 62.0 141.0 255.0  0.0
172 0 62.0 141.0 255.0  0.0
173 88 44.0 211.0 255.0  
174 246 79.0 176.0 255.0  
175 158 141.0 9.0 255.0  
176 123 123.0 132.0 255.0  
177 132 53.0 97.0 255.0  
178 106 158.0 106.0 255.0  
179 149 97.0 106.0 255.0  
180 106 202.0 88.0 255.0  
181 211 158.0 158.0 255.0  
182 158 88.0 149.0 255.0  
183 26 35.0 123.0 255.0  
184 62 9.0 79.0 255.0  
185 220 193.0 202.0 255.0  
186 149 62.0 237.0 255.0  
187 167 97.0 237.0 255.0  
188 97 79.0 44.0 255.0  
189 0 106.0 106.0 255.0  0.0
189 0 106.0 106.0 255.0  0.0
189 0 106.0 106.0 255.0  0.0
189 0 106.0 106.0 255.0  0.0
189 0 106.0 106.0 255.0  0.0
189 0 106.0 106.0 255.0  0.0
189 0 106.0 106.0 255.0  0.0
189 0 106.0 106.0 255.0  0.0
189 0 106.0 106.0 255.0  0.0
189 0 106.0 106.0 255.0  0.0
189 0 106.0 106.0 255.0  0.0
189 0 106.0 106.0 255.0  0.0
189 0 106.0 106.0 255.0  0.0
189 0 106.0 106.0 255.0  0.0
189 0 106.0 106.0 255.0  0.0
189 0 106.0 106.0 255.0  0.0
189 0 106.0 106.0 255.0  0.0
189 0 106.0 106.0 255.0  0.0
189 0 106.0 106.0 255.0  0.0
189 0 106.0 106.0 255.0  0.0
189 0 106.0 106.0 255.0  0.0
189 0 106.0 106.0 255.0  0.0
189 0 106.0 106.0 255.0  0.0
189 0 106.0 106.0 255.0  0.0
189 0 106.0 106.0 255.0  0.0
189 0 106.0 106.0 255.0  0.0
189 0 106.0 106.0 255.0  0.0
189 0 106.0 106.0 255.0  0.0
189 0 106.0 106.0 255.0  0.0
189 0 106.0 106.0 255.0  0.0
189 0 106.0 106.0 255.0  0.0
189 0 106.0 106.0 255.0  0.0
189 0 106.0 106.0 255.0  0.0
189 0 106.0 106.0 255.0  0.0
189 0 106.0 106.0 255.0  0.0
189 0 106.0 106.0 255.0  0.0
189 0 106.0 106.0 255.0  0.0
189 0 106.0 106.0 255.0  0.0
189 0 106.0 106.0 255.0  0.0
190 255 246.0 123.0 255.0  
191 88 255.0 229.0 255.0  
192 211 237.0 255.0 255.0  
193 97 35.0 255.0 255.0  
194 106 9.0 141.0 255.0  
195 132 62.0 149.0 255.0  
196 106 114.0 79.0 255.0  
197 132 255.0 193.0 255.0  
198 158 0.0 132.0 255.0  
199 97 158.0 158.0 255.0  
200 202 0.0 202.0 255.0  
201 35 106.0 220.0 255.0  
202 35 44.0 0.0 255.0  
203 220 97.0 88.0 255.0  
204 114 123.0 185.0 255.0  
205 149 18.0 70.0 255.0  
206 211 202.0 255.0 255.0  
207 185 0.0 255.0 255.0  
208 0 158.0 141.0 255.0  0.0
208 0 158.0 141.0 255.0  0.0
208 0 158.0 141.0 255.0  0.0
208 0 158.0 141.0 255.0  0.0
208 0 158.0 141.0 255.0  0.0
208 0 158.0 141.0 255.0  0.0
208 0 158.0 141.0 255.0  0.0
208 0 158.0 141.0 255.0  0.0
208 0 158.0 141.0 255.0  0.0
208 0 158.0 141.0 255.0  0.0
208 0 158.0 141.0 255.0  0.0
208 0 158.0 141.0 255.0  0.0
208 0 158.0 141.0 255.0  0.0
208 0 158.0 141.0 255.0  0.0
208 0 158.0 141.0 255.0  0.0
208 0 158.0 141.0 255.0  0.0
208 0 158.0 141.0 255.0  0.0
208 0 158.0 141.0 255.0  0.0
208 0 158.0 141.0 255.0  0.0
208 0 158.0 141.0 255.0  0.0
208 0 158.0 141.0 255.0  0.0
208 0 158.0 141.0 255.0  0.0
208 0 158.0 141.0 255.0  0.0
208 0 158.0 141.0 255.0  0.0
208 0 158.0 141.0 255.0  0.0
208 0 158.0 141.0 255.0  0.0
208 0 158.0 141.0 255.0  0.0
208 0 158.0 141.0 255.0  0.0
208 0 158.0 141.0 255.0  0.0
208 0 158.0 141.0 255.0  0.0
208 0 158.0 141.0 255.0  0.0
208 0 158.0 141.0 255.0  0.0
208 0 158.0 141.0 255.0  0.0
208 0 158.0 141.0 255.0  0.0
208 0 158.0 141.0 255.0  0.0
208 0 158.0 141.0 255.0  0.0
208 0 158.0 141.0 255.0  0.0
208 0 158.0 141.0 255.0  0.0
208 0 158.0 141.0 255.0  0.0
209 211 149.0 185.0 255.0  
210 44 88.0 0.0 255.0  
